100
2 5
808 71
728 33
1000 96
744 91
30 46
918 38
2 50
2 98
295 30
838 46
1000 98
642 34
758 81
285 29
1000 1
801 16
446 2
2 36
452 71
2 4
2 3
793 69
779 34
659 89
440 28
453 71
124 68
582 60
109 76
2 1
950 95
13 37
551 71
1000 5
451 5
950 63
712 1
839 51
24 85
748 77
424 35
921 39
924 39
958 86
555 27
363 69
816 86
871 75
665 37
108 30
3 10
2 99
61 39
462 18
171 6
583 72
239 20
2 2
387 98
758 85
824 54
270 26
103 5
635 54
1000 2
1000 97
2 97
1000 3
355 11
81 39
120 75
289 48
226 22
875 93
397 40
540 8
2 96
1000 95
537 11
398 61
915 30
383 4
835 62
507 14
289 65
598 42
373 46
125 51
755 11
1000 4
500 44
494 92
758 96
656 95
2 95
981 68
1000 99
906 56
745 5
