100
5
2196613
5462959
9999999
3191803
4572049
8763892
7203246
1750607
9999930
3949061
9999997
7
8291470
8460583
9999995
1264969
9010879
1
4170220
3877633
5094841
9309119
1144
9999971
6716541
2360890
10
6987083
2872729
9987391
4125389
9999972
3132736
8248729
3855409
9
4461643
3
9999991
3410821
1481717
9999973
9299449
1862603
6
5001361
7551991
2295773
4046177
3702389
6537523
1403870
6463741
4
140839
10000000
7762723
1507483
2
13
9325574
6704676
9999163
615403
2896297
9999998
559513
592432
4936439
928009
5331653
9999996
3910981
8
1281246
11
983469
9999931
9682616
4461641
8873129
6697461
9516811
4461642
5388168
4751053
9999929
2610613
3023326
8697851
9971849
9999162
3323191
390548
12
3929879
9999161
6513281
7742461
